0.80505574 0.020452311 
0.8152379 0.070170276 
0.8328049 0.05035661 
0.78311133 -0.006275328 
0.7371409 0.0083324965 
0.8444935 0.24373002 
0.7904932 0.0928306 
0.82408845 0.15093388 
0.72006315 0.0007052999 
0.85781395 0.13176039 
0.73466027 0.29230422 
0.7827531 0.017534604 
0.7900537 0.10004136 
0.768787 0.012509396 
0.7721337 0.023760991 
0.7820694 0.38570437 
0.48836967 0.2746231 
0.79850805 0.028074792 
0.8179045 0.11045746 
0.82077444 -0.0026972573 
0.8326366 0.08019064 
0.8201685 0.07636536 
0.8454511 0.02400606 
0.61656594 0.6210382 
0.65844804 0.07182561 
0.7613028 0.073290326 
0.78838694 0.49991193 
0.8077973 0.30948272 
0.768548 0.0147699695 
0.8232813 0.052114025 
0.79002404 0.22349268 
0.8461833 0.04205779 
0.7341672 -0.010405162 
0.8299613 0.00039764307 
0.7385018 0.19189997 
0.7309897 -0.007196063 
0.7242807 0.018579395 
0.87346125 0.107542135 
0.79963493 0.16244547 
0.75542384 0.29594037 
0.7932922 0.27325007 
0.83814347 0.058576576 
0.6809794 0.15813398 
0.7148796 -0.019266533 
0.75899786 0.017493187 
0.8593824 0.10939691 
0.74135756 0.048924923 
0.8044596 0.0428456 
0.78333217 0.25961697 
0.8552251 0.15094788 
0.8355409 0.053738065 
0.7997625 -0.027379425 
0.7631603 0.13672224 
0.73984885 -0.00470064 
0.80486274 0.36604849 
0.8438184 0.0713951 
0.77318126 0.051870264 
0.8262129 0.019023692 
0.7934778 0.025121441 
0.6720052 0.4622257 
0.7957046 0.39106396 
0.89146185 0.1352193 
0.75663435 0.047664873 
0.5499506 0.30729315 
0.77955925 0.10587426 
0.84403706 0.046575442 
0.74710214 0.0137018915 
0.78650105 0.04674606 
0.8402636 0.25460202 
0.81475437 -0.0013962109 
0.8746455 0.16381894 
0.8166249 0.061659344 
0.7241355 0.011361448 
0.8397877 0.046660684 
0.80977184 0.21198283 
0.71295846 0.012267014 
0.76630616 0.066833735 
0.8269446 0.2620355 
0.7696732 0.022696322 
0.75990343 -0.01178276 
0.82951117 0.02006415 
0.70541775 0.023101723 
0.7652456 0.01816856 
0.80742145 0.027143976 
0.7594832 0.0041681733 
0.79223263 0.10682859 
0.820153 0.048246272 
0.77700484 0.20736374 
0.73549473 0.17236161 
0.71996737 -0.009978702 
0.68530273 0.0028454047 
0.7680601 0.28066048 
0.82371616 0.016145838 
0.8365767 0.022839388 
0.86133385 0.030839002 
0.61833364 0.23473503 
0.8450477 0.037554227 
0.7728356 0.018129563 
0.82934177 -0.02068899 
0.7867094 0.026093239 
0.81240106 -0.0052766968 
0.83951354 0.08320188 
0.787918 0.04511585 
0.8547026 0.009691155 
0.74593914 0.014528682 
0.84809947 0.13239336 
0.7854654 0.19127525 
0.7939438 0.026261559 
0.816717 0.030988207 
0.77614474 0.01851846 
0.7807808 0.036452048 

