0.9503576086956521 0.013339094581726647 
0.7480728260869565 0.33747735381241223 
0.8132271739130437 -0.05464895815096067 
0.604845652173913 0.05806485290020038 
0.788463043478261 0.07658409117883318 
0.6772032608695653 0.027072815732395658 
0.9099239130434783 0.11631438221961718 
0.7859554347826088 0.014211704745959052 
0.9341913043478262 0.13913609560293275 
0.8110184782608697 0.02662239674556135 
0.9150293478260871 0.1662916936743495 
0.6990619565217393 0.22267187270127062 
0.883279347826087 0.06004527416397267 
0.7648739130434783 0.09195832201461261 
0.8358967391304349 0.062055083196817046 
0.9333086956521739 0.033937890744963395 
0.8154945652173913 0.0016935760487721857 
0.8870728260869565 0.035888659184278145 
0.7790869565217392 0.06682019009596728 
0.8445717391304349 0.41330153554349014 
0.9009793478260869 0.010267750735225843 
0.77305 0.2606406083843074 
0.8556913043478263 0.15298557972276305 
0.7484097826086956 0.13756981303798002 
0.8014771739130436 0.08462934579988368 
0.7865391304347827 -0.039894187518352546 
0.8362206521739131 0.11888598856273148 
0.668383695652174 0.10691724011340155 
0.8065293478260871 0.009643801238500428 
0.8888315217391305 0.029724180120361644 
0.8073826086956521 0.026714963637514164 
0.7166423913043478 0.3053829475759649 
0.8093717391304347 0.022862703554224918 
0.9331739130434783 0.026375399235484008 
0.8906315217391304 0.05417888877889421 
0.7559402173913045 0.31586958265225545 
0.9648967391304348 0.02212198862933864 
0.7976880434782609 0.4632051155540827 
0.7047532608695654 0.7184715233577333 
0.6803869565217391 0.24843358629178453 
0.8279826086956522 0.25095066885305317 
0.8789478260869567 0.2652020325822294 
0.8029195652173913 0.009472308244149186 
0.6494934782608697 0.40338640179427165 
0.8542684782608697 0.2809441458717819 
0.6817358695652175 -0.056010412155826576 
0.8410847826086957 0.21353632690505642 
0.8630891304347826 0.06988297778333329 
0.8056695652173915 0.36239855884163413 
0.9264608695652174 0.08270091663391034 
0.7903902173913043 0.02432989691519372 
0.8167391304347827 0.005077505291578832 
0.8265195652173912 0.0035393812864021224 
0.8397750000000002 0.0817826172518138 
0.8092815217391306 0.006218066433929332 
0.7441967391304348 0.0394804554607777 
0.7722652173913043 0.10227595807389228 
0.6103478260869566 0.29889762991797225 
0.7039478260869566 0.14726627603083028 
0.8394619565217392 0.12763460131121074 
0.7791282608695653 0.37282523621483094 
0.7112847826086958 0.06357686230618215 
0.834092391304348 0.1371876911435276 
0.8440478260869566 0.013278905751381803 
0.7420619565217391 0.31328897772897196 
0.8053923913043479 0.3072787489775599 
0.7888902173913044 0.032380537762175435 
0.927713043478261 0.02586413006824935 
0.4421760869565218 0.011182282711785825 
0.8111521739130435 0.04957309221179687 
0.8627304347826087 0.338813178071608 
0.7724152173913045 0.06897821927882539 
0.8134532608695654 0.028576970233643775 
0.7968554347826087 0.09025642573024015 
0.5139750000000001 0.43051614475504946 
0.641858695652174 0.20897126913601702 
0.7327554347826086 0.396253646583633 
0.7599119565217393 0.07506415314705141 
0.7245217391304349 0.03507372445166824 
0.7508619565217391 0.4200044218594506 
0.8010847826086958 0.006106174995778354 
0.8079836956521739 0.006391022145202477 
0.7909032608695652 0.49492026581039217 
0.7885032608695652 0.024463347325805615 
0.7449402173913046 0.03029916464206364 
0.8297173913043477 0.09490242211917028 
0.8689054347826087 0.09068641963771938 
0.712316304347826 0.001686092563215015 
0.8095576086956523 0.012690752618947681 
0.6803423913043479 0.2860155608222948 
0.7927945652173913 0.03242190681049327 
0.7947467391304347 0.03654901070517618 
0.8331652173913044 0.0012910737403026588 
0.8148260869565219 0.009575597869028866 
0.9252804347826088 0.056782828624963 
0.7529619565217393 0.4137975865091979 
0.8822260869565217 0.01269269684284549 
0.7393793478260869 0.08734896868502899 
0.8607880434782609 0.23680316691623673 
0.7842500000000001 0.02301408128460441 
0.6879880434782609 0.23588582330015703 
0.8185467391304349 0.009099645920589568 
0.7739358695652174 0.11896318377179547 
0.8204369565217392 0.0017409490407913502 
0.7109989130434782 0.05576447678666575 
0.706742391304348 0.06668502794325061 
0.8284010869565218 0.1375329913049 
0.8997956521739131 0.30588417405488766 
0.9553858695652174 0.012259246700007847 
0.8033619565217391 0.04455868158083743 
0.7725021739130434 0.1364269962898274 

